-12
-12
-12
-12
-4
-3
-3
-3
-3
-3
-3
-3
-3
-3
-3
-3
-3
-3
-3
-3
-3
-3
1
1
1
2
2
2
2
2
2
2
2
2
2
2
2
2
2
2
2
2
2
2
2
2
2
2
2
2
2
2
2
3
3
9
18
18
19
19
19
19
19
19
8
8
7
8
14
15
15
15
14
14
14
15
15
15
14
14
14
15
14
14
14
14
16
16
16
15
15
16
16
16
16
14
15
15
15
15
15
15
15
15
15
15
16
15
16
16
16
16
17
17
17
9
15
17
17
15
0
0
0
0
0
0
0
0
15
15
15
15
2
3
2
2
3
3
2
3
2
2
3
3
3
0
4
3
3
1
4
2
2
5
4
0
3
-1
4
5
4
4
3
6
5
4
3
5
5
4
0
5
-1
3
-2
-1
3
-2
-2
12
4
-1
-1
2
-17
-19
-19
-18
-18
-18
-18
-18
-3
-6
-3
-3
3
6
0
3
6
3
0
6
3
0
6
3
0
-3
6
3
0
-3
6
-6
-3
6
3
-3
3
-6
6
-3
-6
-3
-6
6
3
0
-3
6
3
0
-6
0
-3
3
-6
-3
3
-6
-6
0
0
-3
-3
-3
6
3
0
3
6
3
0
3
-3
-5
-3
-3
-5
1
3
12
-4
-2
-4
3
16
5
1
12
3
-3
-2
5
-1
-4
-3
-5
-3
-2
3
-2
1
-4
-3
-2
-5
-1
-5
0
9
1
-2
-1
6
0
-5
-2
-1
1
-4
1
0
-4
-4
0
2
1
-1
-3
-4
-4
-4
-3
-4
-3
-4
-2